# --- Nodal Geometry ---
#nodeNumber,nVecX,nVecY,nVecZ,tMinVecX,tMinVecY,tMinVecZ,tMaxVecX,tMaxVecY,tMaxVecZ,minCurv,maxCurv,xCoord,yCoord,zCoord
# ---------------------------------------------------------------------------
21,0,0.000720649482668808,0.999999740332128,1,-4.54796435748767e-16,1.70172073799027e-18,4.54797543996914e-16,0.999999740332128,-0.000720649482668817,-2.37326617070281e-16,0.975037037242647,-0.05,6.7355573953104e-17,1
22,-1.15726073116076e-16,0.00072064948266872,0.999999740332128,1,8.74337541821177e-16,1.15096012105622e-16,-8.74254370902227e-16,0.999999740332128,-0.000720649482668734,7.38244749365131e-16,0.975037037242647,0.05,5.5109105961631e-17,1
23,4.22560134133304e-17,0.142314838273281,0.989821441880933,1,9.50385316792714e-17,-5.63550195204865e-17,-1.02091331949969e-16,0.989821441880933,-0.142314838273281,2.86485417715659e-16,1.00511531231103,-0.05,0.14231483827329,0.98982144188093
24,-3.88420013363157e-17,0.142314838273281,0.989821441880933,1,-9.80224255271018e-17,5.33349195507833e-17,1.0461504902209e-16,0.989821441880933,-0.142314838273281,3.43157586040371e-16,1.00511531231103,0.05,0.14231483827329,0.98982144188093
35,-3.6976270335585e-17,0.281732556841413,0.959492973614502,1,-1.60199998306558e-16,8.55762655094449e-17,1.77820392835113e-16,0.959492973614502,-0.281732556841413,-2.41471659861506e-16,1.00511531231158,-0.05,0.28173255684143,0.9594929736145
36,-7.33660897298369e-18,0.281732556841413,0.959492973614502,1,-5.11163551944081e-17,2.26554555542287e-17,5.54285630655176e-17,0.959492973614502,-0.281732556841413,1.70046989979756e-16,1.00511531231158,0.05,0.28173255684143,0.9594929736145
47,-2.48252891784882e-17,0.415415013001896,0.909631995354514,1,5.76680528386653e-16,-2.36069598602349e-16,-6.22633915091194e-16,0.909631995354514,-0.415415013001896,9.95341614305496e-17,1.0051153123115,-0.05,0.41541501300189,0.90963199535452
48,2.02603776990919e-17,0.415415013001896,0.909631995354514,1,-2.7298327297596e-17,-9.80643024364431e-18,2.07576935823871e-17,0.909631995354514,-0.415415013001896,9.53298644819617e-17,1.0051153123115,0.05,0.41541501300189,0.90963199535452
59,-2.82075716982284e-17,0.540640817455614,0.84125353283117,1,1.91142250259927e-17,2.12464385082496e-17,-4.59321744732585e-18,0.84125353283117,-0.540640817455614,-2.19815563332493e-16,1.00511531231134,-0.05,0.5406408174556,0.84125353283118
60,-4.55217165549673e-18,0.540640817455614,0.84125353283117,1,2.9255707981021e-16,-1.82603841922113e-16,-3.44837767312417e-16,0.84125353283117,-0.540640817455614,-4.68958886292779e-17,1.00511531231134,0.05,0.5406408174556,0.84125353283118
71,-1.81639764586975e-17,0.654860733945288,0.755749574354256,1,1.73647202464246e-16,-1.26431772159749e-16,-2.14029002460698e-16,0.755749574354256,-0.654860733945288,9.41674482468168e-17,1.00511531231124,-0.05,0.65486073394528,0.75574957435426
72,-2.73483214306066e-17,0.654860733945287,0.755749574354256,1,3.60924481841271e-17,4.91273094799855e-18,-2.40596977582751e-17,0.755749574354256,-0.654860733945287,4.64499145557872e-16,1.00511531231125,0.05,0.65486073394528,0.75574957435426
83,-4.26737625124388e-18,0.755749574354256,0.654860733945287,1,-4.46986265355188e-17,5.81014286815691e-17,7.31815053748662e-17,0.654860733945287,-0.755749574354256,3.90935988760804e-17,1.00511531231125,-0.05,0.75574957435426,0.65486073394528
84,-2.55571536905625e-17,0.755749574354256,0.654860733945287,1,9.14656857134239e-17,-6.65301751914444e-17,-1.1017743765975e-16,0.654860733945287,-0.755749574354256,1.6906589217571e-16,1.00511531231125,0.05,0.75574957435426,0.65486073394528
95,-7.46964225308026e-18,0.84125353283117,0.540640817455615,1,-6.82215751271016e-17,1.19971118069321e-16,1.37809495058347e-16,0.540640817455615,-0.84125353283117,-3.53211128502591e-16,1.00511531231134,-0.05,0.84125353283118,0.5406408174556
96,1.01641528055319e-17,0.84125353283117,0.540640817455615,1,6.26163840674515e-17,-1.16233190477794e-16,-1.31634555190025e-16,0.540640817455615,-0.84125353283117,-7.80160246119025e-17,1.00511531231134,0.05,0.84125353283118,0.5406408174556
107,5.35859602172462e-19,0.909631995354514,0.415415013001897,1,-1.73087587202313e-17,3.66109568831398e-17,4.04928159902601e-17,0.415415013001897,-0.909631995354514,-1.78580765579519e-16,1.00511531231152,-0.05,0.90963199535452,0.41541501300189
108,-8.14055716748064e-19,0.909631995354514,0.415415013001896,1,-6.63158733349472e-17,1.47171127640046e-16,1.61420175877458e-16,0.415415013001896,-0.909631995354514,-1.15771573040562e-16,1.00511531231152,0.05,0.90963199535452,0.41541501300189
119,-3.15354268256032e-17,0.959492973614503,0.281732556841412,1,1.7347592875467e-16,-4.78870846232001e-16,-5.08347029186928e-16,0.281732556841412,-0.959492973614503,-2.77045506994925e-16,1.00511531231157,-0.05,0.9594929736145,0.28173255684143
120,-3.53708060428926e-17,0.959492973614503,0.281732556841412,1,2.75602266287626e-17,3.16859447891091e-17,2.26378282722372e-17,0.281732556841412,-0.959492973614503,2.55540324017792e-16,1.00511531231157,0.05,0.9594929736145,0.28173255684143
131,-2.04433528337827e-17,0.989821441880933,0.142314838273281,1,8.8826844702144e-18,8.1868352064095e-17,7.97709124806872e-17,0.142314838273281,-0.989821441880933,4.30859175893681e-17,1.00511531231104,-0.05,0.98982144188093,0.14231483827329
132,-1.55272995822052e-17,0.989821441880933,0.142314838273281,1,3.28094224515432e-17,-1.19089270392994e-16,-1.22546380982973e-16,0.142314838273281,-0.989821441880933,-2.73612387250127e-16,1.00511531231104,0.05,0.98982144188093,0.14231483827329
143,3.89243775436827e-18,0.999999740332128,0.000720649482667829,1,-4.36226085421971e-18,6.51942419181618e-16,6.51945393554145e-16,0.000720649482667843,-0.999999740332128,2.3579724334597e-16,0.975037037242652,-0.05,1,-5.8170722959499e-17
144,-4.13822088355888e-18,0.999999740332128,0.000720649482668781,1,4.35810467560604e-18,-3.05117349939811e-16,-3.05120411376518e-16,0.000720649482668789,-0.999999740332128,4.40530347928727e-16,0.975037037242646,0.05,1,-6.4293956955236e-17
