octave:1> besselh(0,1,1)
ans =  0.765198 + 0.088257i