
=======================================================================
 openCFS - Coupled Field Simulation

 v. 24.03 - 'Ideal Implementation' 5a63d8 (modified)
 compiled Apr 12 2024 as Release (NOT distributable)

 openCFS is using 1 OpenMP threads
=======================================================================

Simulation run started at 2024-Apr-12 20:19:36 on DM-T490s
++ Reading parameter file '/home/dominik/Devel/Merges/KAI_ElecThermTempDep/vWire2_test/TransistorTempDep_largerLayer/TransistorTempDep.xml'
++ Creating hdf5 writer with ID 'h5'
++ Creating text writer with ID 'txt'
++ Reading mesh ... Initial scan of input file

Number of node blocks found 1
Number of element blocks found 4
Number of cm blocks found 9
Number of N commands found 1
Number of ET commands found 1
Finished scanning input file
Processing node block 1

nblock 1 (28 nodes found in block)
Finished reading nodes (28 read)

Element block 0 (1 elements read)

Element block 1 (1 elements read)

Element block 2 (1 elements read)

Element block 3 (2 elements read)
Finished reading elements (5 read)
Region name: vWire1
Region vWire1 contains 1 entries
Region name: vChannel
Region vChannel contains 1 entries
Region name: vWire2
Region vWire2 contains 1 entries
Region name: vGate
Region vGate contains 2 entries
NodeGroup 1 contains 4 entries
NodeGroup 2 contains 4 entries
NodeGroup 3 contains 4 entries
NodeGroup 4 contains 4 entries
NodeGroup 5 contains 4 entries
"wire-trans.cdb" Overall number of faces generated: 27
-> regular
++ Starting to solve problem

 ***************************** 
 MultiSequenceStep: 1
 AnalysisType:      static
 ***************************** 

++ Creating PDE 'heatConduction' for analysis 'static'

 ***************************** 
 MultiSequenceStep: 2
 AnalysisType:      transient
 ***************************** 

++ Creating PDE 'heatConduction' for analysis 'transient'
++ Creating PDE 'elecConduction' for analysis 'transient'
++ Creating coupling

CoupledPDE: heatConduction+elecConduction: Time step 1 ======================= 
Current kernel 
[[0.792994, -0.79219, -0.212374, 0.21208, 0.21208, -0.212374, -0.0569344, 0.056719],[-0.79219, 0.792406, 0.212296, -0.212374, -0.212374, 0.212296, 0.0568767, -0.0569344],[-0.212374, 0.212296, 0.0569133, -0.0567979, -0.0569344, 0.0568767, 0.0152478, -0.0152267],[0.21208, -0.212374, -0.0567979, 0.0572286, 0.056719, -0.0569344, -0.0152267, 0.0153055],[0.21208, -0.212374, -0.0569344, 0.056719, 0.0572286, -0.0567979, -0.0152267, 0.0153055],[-0.212374, 0.212296, 0.0568767, -0.0569344, -0.0567979, 0.0569133, 0.0152478, -0.0152267],[-0.0569344, 0.0568767, 0.0152478, -0.0152267, -0.0152267, 0.0152478, 0.00408771, -0.00407224],[0.056719, -0.0569344, -0.0152267, 0.0153055, 0.0153055, -0.0152267, -0.00407224, 0.00412995]]

Current kernel 
[[0.0572286, -0.0567979, -0.0152267, 0.0153055, 0.21208, -0.212374, -0.0569344, 0.056719],[-0.0567979, 0.0569133, 0.0152478, -0.0152267, -0.212374, 0.212296, 0.0568767, -0.0569344],[-0.0152267, 0.0152478, 0.00408771, -0.00407224, -0.0569344, 0.0568767, 0.0152478, -0.0152267],[0.0153055, -0.0152267, -0.00407224, 0.00412995, 0.056719, -0.0569344, -0.0152267, 0.0153055],[0.21208, -0.212374, -0.0569344, 0.056719, 0.792994, -0.79219, -0.212374, 0.21208],[-0.212374, 0.212296, 0.0568767, -0.0569344, -0.79219, 0.792406, 0.212296, -0.212374],[-0.0569344, 0.0568767, 0.0152478, -0.0152267, -0.212374, 0.212296, 0.0569133, -0.0567979],[0.056719, -0.0569344, -0.0152267, 0.0153055, 0.21208, -0.212374, -0.0567979, 0.0572286]]

Current kernel 
[[0.0572286, -0.0567979, -0.212374, 0.21208, 0.0153055, -0.0152267, -0.0569344, 0.056719],[-0.0567979, 0.0569133, 0.212296, -0.212374, -0.0152267, 0.0152478, 0.0568767, -0.0569344],[-0.212374, 0.212296, 0.792406, -0.79219, -0.0569344, 0.0568767, 0.212296, -0.212374],[0.21208, -0.212374, -0.79219, 0.792994, 0.056719, -0.0569344, -0.212374, 0.21208],[0.0153055, -0.0152267, -0.0569344, 0.056719, 0.00412995, -0.00407224, -0.0152267, 0.0153055],[-0.0152267, 0.0152478, 0.0568767, -0.0569344, -0.00407224, 0.00408771, 0.0152478, -0.0152267],[-0.0569344, 0.0568767, 0.212296, -0.212374, -0.0152267, 0.0152478, 0.0569133, -0.0567979],[0.056719, -0.0569344, -0.212374, 0.21208, 0.0153055, -0.0152267, -0.0567979, 0.0572286]]

Current kernel 
[[0.00412995, -0.00407224, -0.0152267, 0.0153055, 0.0153055, -0.0152267, -0.0569344, 0.056719],[-0.00407224, 0.00408771, 0.0152478, -0.0152267, -0.0152267, 0.0152478, 0.0568767, -0.0569344],[-0.0152267, 0.0152478, 0.0569133, -0.0567979, -0.0569344, 0.0568767, 0.212296, -0.212374],[0.0153055, -0.0152267, -0.0567979, 0.0572286, 0.056719, -0.0569344, -0.212374, 0.21208],[0.0153055, -0.0152267, -0.0569344, 0.056719, 0.0572286, -0.0567979, -0.212374, 0.21208],[-0.0152267, 0.0152478, 0.0568767, -0.0569344, -0.0567979, 0.0569133, 0.212296, -0.212374],[-0.0569344, 0.0568767, 0.212296, -0.212374, -0.212374, 0.212296, 0.792406, -0.79219],[0.056719, -0.0569344, -0.212374, 0.21208, 0.21208, -0.212374, -0.79219, 0.792994]]

Current kernel 
[[0.792406, -0.79219, -0.212374, 0.212296, 0.212296, -0.212374, -0.0569344, 0.0568767],[-0.79219, 0.792994, 0.21208, -0.212374, -0.212374, 0.21208, 0.056719, -0.0569344],[-0.212374, 0.21208, 0.0572286, -0.0567979, -0.0569344, 0.056719, 0.0153055, -0.0152267],[0.212296, -0.212374, -0.0567979, 0.0569133, 0.0568767, -0.0569344, -0.0152267, 0.0152478],[0.212296, -0.212374, -0.0569344, 0.0568767, 0.0569133, -0.0567979, -0.0152267, 0.0152478],[-0.212374, 0.21208, 0.056719, -0.0569344, -0.0567979, 0.0572286, 0.0153055, -0.0152267],[-0.0569344, 0.056719, 0.0153055, -0.0152267, -0.0152267, 0.0153055, 0.00412995, -0.00407224],[0.0568767, -0.0569344, -0.0152267, 0.0152478, 0.0152478, -0.0152267, -0.00407224, 0.00408771]]

Current kernel 
[[0.0569133, -0.0567979, -0.0152267, 0.0152478, 0.212296, -0.212374, -0.0569344, 0.0568767],[-0.0567979, 0.0572286, 0.0153055, -0.0152267, -0.212374, 0.21208, 0.056719, -0.0569344],[-0.0152267, 0.0153055, 0.00412995, -0.00407224, -0.0569344, 0.056719, 0.0153055, -0.0152267],[0.0152478, -0.0152267, -0.00407224, 0.00408771, 0.0568767, -0.0569344, -0.0152267, 0.0152478],[0.212296, -0.212374, -0.0569344, 0.0568767, 0.792406, -0.79219, -0.212374, 0.212296],[-0.212374, 0.21208, 0.056719, -0.0569344, -0.79219, 0.792994, 0.21208, -0.212374],[-0.0569344, 0.056719, 0.0153055, -0.0152267, -0.212374, 0.21208, 0.0572286, -0.0567979],[0.0568767, -0.0569344, -0.0152267, 0.0152478, 0.212296, -0.212374, -0.0567979, 0.0569133]]

Current kernel 
[[0.0569133, -0.0567979, -0.212374, 0.212296, 0.0152478, -0.0152267, -0.0569344, 0.0568767],[-0.0567979, 0.0572286, 0.21208, -0.212374, -0.0152267, 0.0153055, 0.056719, -0.0569344],[-0.212374, 0.21208, 0.792994, -0.79219, -0.0569344, 0.056719, 0.21208, -0.212374],[0.212296, -0.212374, -0.79219, 0.792406, 0.0568767, -0.0569344, -0.212374, 0.212296],[0.0152478, -0.0152267, -0.0569344, 0.0568767, 0.00408771, -0.00407224, -0.0152267, 0.0152478],[-0.0152267, 0.0153055, 0.056719, -0.0569344, -0.00407224, 0.00412995, 0.0153055, -0.0152267],[-0.0569344, 0.056719, 0.21208, -0.212374, -0.0152267, 0.0153055, 0.0572286, -0.0567979],[0.0568767, -0.0569344, -0.212374, 0.212296, 0.0152478, -0.0152267, -0.0567979, 0.0569133]]

Current kernel 
[[0.00408771, -0.00407224, -0.0152267, 0.0152478, 0.0152478, -0.0152267, -0.0569344, 0.0568767],[-0.00407224, 0.00412995, 0.0153055, -0.0152267, -0.0152267, 0.0153055, 0.056719, -0.0569344],[-0.0152267, 0.0153055, 0.0572286, -0.0567979, -0.0569344, 0.056719, 0.21208, -0.212374],[0.0152478, -0.0152267, -0.0567979, 0.0569133, 0.0568767, -0.0569344, -0.212374, 0.212296],[0.0152478, -0.0152267, -0.0569344, 0.0568767, 0.0569133, -0.0567979, -0.212374, 0.212296],[-0.0152267, 0.0153055, 0.056719, -0.0569344, -0.0567979, 0.0572286, 0.21208, -0.212374],[-0.0569344, 0.056719, 0.21208, -0.212374, -0.212374, 0.21208, 0.792994, -0.79219],[0.0568767, -0.0569344, -0.212374, 0.212296, 0.212296, -0.212374, -0.79219, 0.792406]]

Current kernel 
[[0.792994, -0.79219, -0.212374, 0.21208, 0.21208, -0.212374, -0.0569344, 0.056719],[-0.79219, 0.792406, 0.212296, -0.212374, -0.212374, 0.212296, 0.0568767, -0.0569344],[-0.212374, 0.212296, 0.0569133, -0.0567979, -0.0569344, 0.0568767, 0.0152478, -0.0152267],[0.21208, -0.212374, -0.0567979, 0.0572286, 0.056719, -0.0569344, -0.0152267, 0.0153055],[0.21208, -0.212374, -0.0569344, 0.056719, 0.0572286, -0.0567979, -0.0152267, 0.0153055],[-0.212374, 0.212296, 0.0568767, -0.0569344, -0.0567979, 0.0569133, 0.0152478, -0.0152267],[-0.0569344, 0.0568767, 0.0152478, -0.0152267, -0.0152267, 0.0152478, 0.00408771, -0.00407224],[0.056719, -0.0569344, -0.0152267, 0.0153055, 0.0153055, -0.0152267, -0.00407224, 0.00412995]]

Current kernel 
[[0.0572286, -0.0567979, -0.0152267, 0.0153055, 0.21208, -0.212374, -0.0569344, 0.056719],[-0.0567979, 0.0569133, 0.0152478, -0.0152267, -0.212374, 0.212296, 0.0568767, -0.0569344],[-0.0152267, 0.0152478, 0.00408771, -0.00407224, -0.0569344, 0.0568767, 0.0152478, -0.0152267],[0.0153055, -0.0152267, -0.00407224, 0.00412995, 0.056719, -0.0569344, -0.0152267, 0.0153055],[0.21208, -0.212374, -0.0569344, 0.056719, 0.792994, -0.79219, -0.212374, 0.21208],[-0.212374, 0.212296, 0.0568767, -0.0569344, -0.79219, 0.792406, 0.212296, -0.212374],[-0.0569344, 0.0568767, 0.0152478, -0.0152267, -0.212374, 0.212296, 0.0569133, -0.0567979],[0.056719, -0.0569344, -0.0152267, 0.0153055, 0.21208, -0.212374, -0.0567979, 0.0572286]]

Current kernel 
[[0.0572286, -0.0567979, -0.212374, 0.21208, 0.0153055, -0.0152267, -0.0569344, 0.056719],[-0.0567979, 0.0569133, 0.212296, -0.212374, -0.0152267, 0.0152478, 0.0568767, -0.0569344],[-0.212374, 0.212296, 0.792406, -0.79219, -0.0569344, 0.0568767, 0.212296, -0.212374],[0.21208, -0.212374, -0.79219, 0.792994, 0.056719, -0.0569344, -0.212374, 0.21208],[0.0153055, -0.0152267, -0.0569344, 0.056719, 0.00412995, -0.00407224, -0.0152267, 0.0153055],[-0.0152267, 0.0152478, 0.0568767, -0.0569344, -0.00407224, 0.00408771, 0.0152478, -0.0152267],[-0.0569344, 0.0568767, 0.212296, -0.212374, -0.0152267, 0.0152478, 0.0569133, -0.0567979],[0.056719, -0.0569344, -0.212374, 0.21208, 0.0153055, -0.0152267, -0.0567979, 0.0572286]]

Current kernel 
[[0.00412995, -0.00407224, -0.0152267, 0.0153055, 0.0153055, -0.0152267, -0.0569344, 0.056719],[-0.00407224, 0.00408771, 0.0152478, -0.0152267, -0.0152267, 0.0152478, 0.0568767, -0.0569344],[-0.0152267, 0.0152478, 0.0569133, -0.0567979, -0.0569344, 0.0568767, 0.212296, -0.212374],[0.0153055, -0.0152267, -0.0567979, 0.0572286, 0.056719, -0.0569344, -0.212374, 0.21208],[0.0153055, -0.0152267, -0.0569344, 0.056719, 0.0572286, -0.0567979, -0.212374, 0.21208],[-0.0152267, 0.0152478, 0.0568767, -0.0569344, -0.0567979, 0.0569133, 0.212296, -0.212374],[-0.0569344, 0.0568767, 0.212296, -0.212374, -0.212374, 0.212296, 0.792406, -0.79219],[0.056719, -0.0569344, -0.212374, 0.21208, 0.21208, -0.212374, -0.79219, 0.792994]]

Current kernel 
[[0.792406, -0.79219, -0.212374, 0.212296, 0.212296, -0.212374, -0.0569344, 0.0568767],[-0.79219, 0.792994, 0.21208, -0.212374, -0.212374, 0.21208, 0.056719, -0.0569344],[-0.212374, 0.21208, 0.0572286, -0.0567979, -0.0569344, 0.056719, 0.0153055, -0.0152267],[0.212296, -0.212374, -0.0567979, 0.0569133, 0.0568767, -0.0569344, -0.0152267, 0.0152478],[0.212296, -0.212374, -0.0569344, 0.0568767, 0.0569133, -0.0567979, -0.0152267, 0.0152478],[-0.212374, 0.21208, 0.056719, -0.0569344, -0.0567979, 0.0572286, 0.0153055, -0.0152267],[-0.0569344, 0.056719, 0.0153055, -0.0152267, -0.0152267, 0.0153055, 0.00412995, -0.00407224],[0.0568767, -0.0569344, -0.0152267, 0.0152478, 0.0152478, -0.0152267, -0.00407224, 0.00408771]]

Current kernel 
[[0.0569133, -0.0567979, -0.0152267, 0.0152478, 0.212296, -0.212374, -0.0569344, 0.0568767],[-0.0567979, 0.0572286, 0.0153055, -0.0152267, -0.212374, 0.21208, 0.056719, -0.0569344],[-0.0152267, 0.0153055, 0.00412995, -0.00407224, -0.0569344, 0.056719, 0.0153055, -0.0152267],[0.0152478, -0.0152267, -0.00407224, 0.00408771, 0.0568767, -0.0569344, -0.0152267, 0.0152478],[0.212296, -0.212374, -0.0569344, 0.0568767, 0.792406, -0.79219, -0.212374, 0.212296],[-0.212374, 0.21208, 0.056719, -0.0569344, -0.79219, 0.792994, 0.21208, -0.212374],[-0.0569344, 0.056719, 0.0153055, -0.0152267, -0.212374, 0.21208, 0.0572286, -0.0567979],[0.0568767, -0.0569344, -0.0152267, 0.0152478, 0.212296, -0.212374, -0.0567979, 0.0569133]]

Current kernel 
[[0.0569133, -0.0567979, -0.212374, 0.212296, 0.0152478, -0.0152267, -0.0569344, 0.0568767],[-0.0567979, 0.0572286, 0.21208, -0.212374, -0.0152267, 0.0153055, 0.056719, -0.0569344],[-0.212374, 0.21208, 0.792994, -0.79219, -0.0569344, 0.056719, 0.21208, -0.212374],[0.212296, -0.212374, -0.79219, 0.792406, 0.0568767, -0.0569344, -0.212374, 0.212296],[0.0152478, -0.0152267, -0.0569344, 0.0568767, 0.00408771, -0.00407224, -0.0152267, 0.0152478],[-0.0152267, 0.0153055, 0.056719, -0.0569344, -0.00407224, 0.00412995, 0.0153055, -0.0152267],[-0.0569344, 0.056719, 0.21208, -0.212374, -0.0152267, 0.0153055, 0.0572286, -0.0567979],[0.0568767, -0.0569344, -0.212374, 0.212296, 0.0152478, -0.0152267, -0.0567979, 0.0569133]]

Current kernel 
[[0.00408771, -0.00407224, -0.0152267, 0.0152478, 0.0152478, -0.0152267, -0.0569344, 0.0568767],[-0.00407224, 0.00412995, 0.0153055, -0.0152267, -0.0152267, 0.0153055, 0.056719, -0.0569344],[-0.0152267, 0.0153055, 0.0572286, -0.0567979, -0.0569344, 0.056719, 0.21208, -0.212374],[0.0152478, -0.0152267, -0.0567979, 0.0569133, 0.0568767, -0.0569344, -0.212374, 0.212296],[0.0152478, -0.0152267, -0.0569344, 0.0568767, 0.0569133, -0.0567979, -0.212374, 0.212296],[-0.0152267, 0.0153055, 0.056719, -0.0569344, -0.0567979, 0.0572286, 0.21208, -0.212374],[-0.0569344, 0.056719, 0.21208, -0.212374, -0.212374, 0.21208, 0.792994, -0.79219],[0.0568767, -0.0569344, -0.212374, 0.212296, 0.212296, -0.212374, -0.79219, 0.792406]]

elemSol for vChannel
[14.0692, 3.84184e-16, 3.84184e-16, 14.0692, 14.0692, 3.84184e-16, 3.84184e-16, 14.0692]

elemMatR for vChannel
[[4.55475e-12, -4.54929e-12, -2.27601e-12, 2.27465e-12, 2.27465e-12, -2.27601e-12, -1.13869e-12, 1.13596e-12],[-4.54929e-12, 4.55475e-12, 2.27465e-12, -2.27601e-12, -2.27601e-12, 2.27465e-12, 1.13596e-12, -1.13869e-12],[-2.27601e-12, 2.27465e-12, 4.55475e-12, -4.54929e-12, -1.13869e-12, 1.13596e-12, 2.27465e-12, -2.27601e-12],[2.27465e-12, -2.27601e-12, -4.54929e-12, 4.55475e-12, 1.13596e-12, -1.13869e-12, -2.27601e-12, 2.27465e-12],[2.27465e-12, -2.27601e-12, -1.13869e-12, 1.13596e-12, 4.55475e-12, -4.54929e-12, -2.27601e-12, 2.27465e-12],[-2.27601e-12, 2.27465e-12, 1.13596e-12, -1.13869e-12, -4.54929e-12, 4.55475e-12, 2.27465e-12, -2.27601e-12],[-1.13869e-12, 1.13596e-12, 2.27465e-12, -2.27601e-12, -2.27601e-12, 2.27465e-12, 4.55475e-12, -4.54929e-12],[1.13596e-12, -1.13869e-12, -2.27601e-12, 2.27465e-12, 2.27465e-12, -2.27601e-12, -4.54929e-12, 4.55475e-12]]

Current kernel 
[[4.69125e+15, 4.6875e+15, -4.6875e+15, -4.68375e+15, 4.6875e+15, 4.68375e+15, -4.69125e+15, -4.6875e+15],[4.6875e+15, 4.69125e+15, -4.68375e+15, -4.6875e+15, 4.68375e+15, 4.6875e+15, -4.6875e+15, -4.69125e+15],[-4.6875e+15, -4.68375e+15, 4.69125e+15, 4.6875e+15, -4.69125e+15, -4.6875e+15, 4.6875e+15, 4.68375e+15],[-4.68375e+15, -4.6875e+15, 4.6875e+15, 4.69125e+15, -4.6875e+15, -4.69125e+15, 4.68375e+15, 4.6875e+15],[4.6875e+15, 4.68375e+15, -4.69125e+15, -4.6875e+15, 4.69125e+15, 4.6875e+15, -4.6875e+15, -4.68375e+15],[4.68375e+15, 4.6875e+15, -4.6875e+15, -4.69125e+15, 4.6875e+15, 4.69125e+15, -4.68375e+15, -4.6875e+15],[-4.69125e+15, -4.6875e+15, 4.6875e+15, 4.68375e+15, -4.6875e+15, -4.68375e+15, 4.69125e+15, 4.6875e+15],[-4.6875e+15, -4.69125e+15, 4.68375e+15, 4.6875e+15, -4.68375e+15, -4.6875e+15, 4.6875e+15, 4.69125e+15]]

elemSol for vWire1
[3.84184e-16, 3.84184e-16, 0, 0, 3.84184e-16, 3.84184e-16, 0, 0]

elemMatR for vWire1
[[166800, 83300, -83350, -166600, 83300, 41600, -41700, -83350],[83300, 166800, -166600, -83350, 41600, 83300, -83350, -41700],[-83350, -166600, 166800, 83300, -41700, -83350, 83300, 41600],[-166600, -83350, 83300, 166800, -83350, -41700, 41600, 83300],[83300, 41600, -41700, -83350, 166800, 83300, -83350, -166600],[41600, 83300, -83350, -41700, 83300, 166800, -166600, -83350],[-41700, -83350, 83300, 41600, -83350, -166600, 166800, 83300],[-83350, -41700, 41600, 83300, -166600, -83350, 83300, 166800]]

elemSol for vWire2
[14.0692, 14.0692, 14.0692, 14.0692, 14.0692, 14.0692, 14.0692, 14.0692]

elemMatR for vWire2
[[166800, 83300, -83350, -166600, 83300, 41600, -41700, -83350],[83300, 166800, -166600, -83350, 41600, 83300, -83350, -41700],[-83350, -166600, 166800, 83300, -41700, -83350, 83300, 41600],[-166600, -83350, 83300, 166800, -83350, -41700, 41600, 83300],[83300, 41600, -41700, -83350, 166800, 83300, -83350, -166600],[41600, 83300, -83350, -41700, 83300, 166800, -166600, -83350],[-41700, -83350, 83300, 41600, -83350, -166600, 166800, 83300],[-83350, -41700, 41600, 83300, -166600, -83350, 83300, 166800]]

Current kernel 
[[0.128102, -0.127898, -0.128, 0.128, 0.128, -0.128, -0.128102, 0.127898],[-0.127898, 0.128102, 0.128, -0.128, -0.128, 0.128, 0.127898, -0.128102],[-0.128, 0.128, 0.128102, -0.127898, -0.128102, 0.127898, 0.128, -0.128],[0.128, -0.128, -0.127898, 0.128102, 0.127898, -0.128102, -0.128, 0.128],[0.128, -0.128, -0.128102, 0.127898, 0.128102, -0.127898, -0.128, 0.128],[-0.128, 0.128, 0.127898, -0.128102, -0.127898, 0.128102, 0.128, -0.128],[-0.128102, 0.127898, 0.128, -0.128, -0.128, 0.128, 0.128102, -0.127898],[0.127898, -0.128102, -0.128, 0.128, 0.128, -0.128, -0.127898, 0.128102]]

Current kernel 
[[4.69125e+15, 4.6875e+15, -4.6875e+15, -4.68375e+15, 4.6875e+15, 4.68375e+15, -4.69125e+15, -4.6875e+15],[4.6875e+15, 4.69125e+15, -4.68375e+15, -4.6875e+15, 4.68375e+15, 4.6875e+15, -4.6875e+15, -4.69125e+15],[-4.6875e+15, -4.68375e+15, 4.69125e+15, 4.6875e+15, -4.69125e+15, -4.6875e+15, 4.6875e+15, 4.68375e+15],[-4.68375e+15, -4.6875e+15, 4.6875e+15, 4.69125e+15, -4.6875e+15, -4.69125e+15, 4.68375e+15, 4.6875e+15],[4.6875e+15, 4.68375e+15, -4.69125e+15, -4.6875e+15, 4.69125e+15, 4.6875e+15, -4.6875e+15, -4.68375e+15],[4.68375e+15, 4.6875e+15, -4.6875e+15, -4.69125e+15, 4.6875e+15, 4.69125e+15, -4.68375e+15, -4.6875e+15],[-4.69125e+15, -4.6875e+15, 4.6875e+15, 4.68375e+15, -4.6875e+15, -4.68375e+15, 4.69125e+15, 4.6875e+15],[-4.6875e+15, -4.69125e+15, 4.68375e+15, 4.6875e+15, -4.68375e+15, -4.6875e+15, 4.6875e+15, 4.69125e+15]]

Current kernel 
[[4.69125e+15, 4.6875e+15, -4.6875e+15, -4.68375e+15, 4.6875e+15, 4.68375e+15, -4.69125e+15, -4.6875e+15],[4.6875e+15, 4.69125e+15, -4.68375e+15, -4.6875e+15, 4.68375e+15, 4.6875e+15, -4.6875e+15, -4.69125e+15],[-4.6875e+15, -4.68375e+15, 4.69125e+15, 4.6875e+15, -4.69125e+15, -4.6875e+15, 4.6875e+15, 4.68375e+15],[-4.68375e+15, -4.6875e+15, 4.6875e+15, 4.69125e+15, -4.6875e+15, -4.69125e+15, 4.68375e+15, 4.6875e+15],[4.6875e+15, 4.68375e+15, -4.69125e+15, -4.6875e+15, 4.69125e+15, 4.6875e+15, -4.6875e+15, -4.68375e+15],[4.68375e+15, 4.6875e+15, -4.6875e+15, -4.69125e+15, 4.6875e+15, 4.69125e+15, -4.68375e+15, -4.6875e+15],[-4.69125e+15, -4.6875e+15, 4.6875e+15, 4.68375e+15, -4.6875e+15, -4.68375e+15, 4.69125e+15, 4.6875e+15],[-4.6875e+15, -4.69125e+15, 4.68375e+15, 4.6875e+15, -4.68375e+15, -4.6875e+15, 4.6875e+15, 4.69125e+15]]


CoupledPDE: heatConduction+elecConduction: Time step 2 ======================= 
Current kernel 
[[0.792994, -0.79219, -0.212374, 0.21208, 0.21208, -0.212374, -0.0569344, 0.056719],[-0.79219, 0.792406, 0.212296, -0.212374, -0.212374, 0.212296, 0.0568767, -0.0569344],[-0.212374, 0.212296, 0.0569133, -0.0567979, -0.0569344, 0.0568767, 0.0152478, -0.0152267],[0.21208, -0.212374, -0.0567979, 0.0572286, 0.056719, -0.0569344, -0.0152267, 0.0153055],[0.21208, -0.212374, -0.0569344, 0.056719, 0.0572286, -0.0567979, -0.0152267, 0.0153055],[-0.212374, 0.212296, 0.0568767, -0.0569344, -0.0567979, 0.0569133, 0.0152478, -0.0152267],[-0.0569344, 0.0568767, 0.0152478, -0.0152267, -0.0152267, 0.0152478, 0.00408771, -0.00407224],[0.056719, -0.0569344, -0.0152267, 0.0153055, 0.0153055, -0.0152267, -0.00407224, 0.00412995]]

Current kernel 
[[0.0572286, -0.0567979, -0.0152267, 0.0153055, 0.21208, -0.212374, -0.0569344, 0.056719],[-0.0567979, 0.0569133, 0.0152478, -0.0152267, -0.212374, 0.212296, 0.0568767, -0.0569344],[-0.0152267, 0.0152478, 0.00408771, -0.00407224, -0.0569344, 0.0568767, 0.0152478, -0.0152267],[0.0153055, -0.0152267, -0.00407224, 0.00412995, 0.056719, -0.0569344, -0.0152267, 0.0153055],[0.21208, -0.212374, -0.0569344, 0.056719, 0.792994, -0.79219, -0.212374, 0.21208],[-0.212374, 0.212296, 0.0568767, -0.0569344, -0.79219, 0.792406, 0.212296, -0.212374],[-0.0569344, 0.0568767, 0.0152478, -0.0152267, -0.212374, 0.212296, 0.0569133, -0.0567979],[0.056719, -0.0569344, -0.0152267, 0.0153055, 0.21208, -0.212374, -0.0567979, 0.0572286]]

Current kernel 
[[0.0572286, -0.0567979, -0.212374, 0.21208, 0.0153055, -0.0152267, -0.0569344, 0.056719],[-0.0567979, 0.0569133, 0.212296, -0.212374, -0.0152267, 0.0152478, 0.0568767, -0.0569344],[-0.212374, 0.212296, 0.792406, -0.79219, -0.0569344, 0.0568767, 0.212296, -0.212374],[0.21208, -0.212374, -0.79219, 0.792994, 0.056719, -0.0569344, -0.212374, 0.21208],[0.0153055, -0.0152267, -0.0569344, 0.056719, 0.00412995, -0.00407224, -0.0152267, 0.0153055],[-0.0152267, 0.0152478, 0.0568767, -0.0569344, -0.00407224, 0.00408771, 0.0152478, -0.0152267],[-0.0569344, 0.0568767, 0.212296, -0.212374, -0.0152267, 0.0152478, 0.0569133, -0.0567979],[0.056719, -0.0569344, -0.212374, 0.21208, 0.0153055, -0.0152267, -0.0567979, 0.0572286]]

Current kernel 
[[0.00412995, -0.00407224, -0.0152267, 0.0153055, 0.0153055, -0.0152267, -0.0569344, 0.056719],[-0.00407224, 0.00408771, 0.0152478, -0.0152267, -0.0152267, 0.0152478, 0.0568767, -0.0569344],[-0.0152267, 0.0152478, 0.0569133, -0.0567979, -0.0569344, 0.0568767, 0.212296, -0.212374],[0.0153055, -0.0152267, -0.0567979, 0.0572286, 0.056719, -0.0569344, -0.212374, 0.21208],[0.0153055, -0.0152267, -0.0569344, 0.056719, 0.0572286, -0.0567979, -0.212374, 0.21208],[-0.0152267, 0.0152478, 0.0568767, -0.0569344, -0.0567979, 0.0569133, 0.212296, -0.212374],[-0.0569344, 0.0568767, 0.212296, -0.212374, -0.212374, 0.212296, 0.792406, -0.79219],[0.056719, -0.0569344, -0.212374, 0.21208, 0.21208, -0.212374, -0.79219, 0.792994]]

Current kernel 
[[0.792406, -0.79219, -0.212374, 0.212296, 0.212296, -0.212374, -0.0569344, 0.0568767],[-0.79219, 0.792994, 0.21208, -0.212374, -0.212374, 0.21208, 0.056719, -0.0569344],[-0.212374, 0.21208, 0.0572286, -0.0567979, -0.0569344, 0.056719, 0.0153055, -0.0152267],[0.212296, -0.212374, -0.0567979, 0.0569133, 0.0568767, -0.0569344, -0.0152267, 0.0152478],[0.212296, -0.212374, -0.0569344, 0.0568767, 0.0569133, -0.0567979, -0.0152267, 0.0152478],[-0.212374, 0.21208, 0.056719, -0.0569344, -0.0567979, 0.0572286, 0.0153055, -0.0152267],[-0.0569344, 0.056719, 0.0153055, -0.0152267, -0.0152267, 0.0153055, 0.00412995, -0.00407224],[0.0568767, -0.0569344, -0.0152267, 0.0152478, 0.0152478, -0.0152267, -0.00407224, 0.00408771]]

Current kernel 
[[0.0569133, -0.0567979, -0.0152267, 0.0152478, 0.212296, -0.212374, -0.0569344, 0.0568767],[-0.0567979, 0.0572286, 0.0153055, -0.0152267, -0.212374, 0.21208, 0.056719, -0.0569344],[-0.0152267, 0.0153055, 0.00412995, -0.00407224, -0.0569344, 0.056719, 0.0153055, -0.0152267],[0.0152478, -0.0152267, -0.00407224, 0.00408771, 0.0568767, -0.0569344, -0.0152267, 0.0152478],[0.212296, -0.212374, -0.0569344, 0.0568767, 0.792406, -0.79219, -0.212374, 0.212296],[-0.212374, 0.21208, 0.056719, -0.0569344, -0.79219, 0.792994, 0.21208, -0.212374],[-0.0569344, 0.056719, 0.0153055, -0.0152267, -0.212374, 0.21208, 0.0572286, -0.0567979],[0.0568767, -0.0569344, -0.0152267, 0.0152478, 0.212296, -0.212374, -0.0567979, 0.0569133]]

Current kernel 
[[0.0569133, -0.0567979, -0.212374, 0.212296, 0.0152478, -0.0152267, -0.0569344, 0.0568767],[-0.0567979, 0.0572286, 0.21208, -0.212374, -0.0152267, 0.0153055, 0.056719, -0.0569344],[-0.212374, 0.21208, 0.792994, -0.79219, -0.0569344, 0.056719, 0.21208, -0.212374],[0.212296, -0.212374, -0.79219, 0.792406, 0.0568767, -0.0569344, -0.212374, 0.212296],[0.0152478, -0.0152267, -0.0569344, 0.0568767, 0.00408771, -0.00407224, -0.0152267, 0.0152478],[-0.0152267, 0.0153055, 0.056719, -0.0569344, -0.00407224, 0.00412995, 0.0153055, -0.0152267],[-0.0569344, 0.056719, 0.21208, -0.212374, -0.0152267, 0.0153055, 0.0572286, -0.0567979],[0.0568767, -0.0569344, -0.212374, 0.212296, 0.0152478, -0.0152267, -0.0567979, 0.0569133]]

Current kernel 
[[0.00408771, -0.00407224, -0.0152267, 0.0152478, 0.0152478, -0.0152267, -0.0569344, 0.0568767],[-0.00407224, 0.00412995, 0.0153055, -0.0152267, -0.0152267, 0.0153055, 0.056719, -0.0569344],[-0.0152267, 0.0153055, 0.0572286, -0.0567979, -0.0569344, 0.056719, 0.21208, -0.212374],[0.0152478, -0.0152267, -0.0567979, 0.0569133, 0.0568767, -0.0569344, -0.212374, 0.212296],[0.0152478, -0.0152267, -0.0569344, 0.0568767, 0.0569133, -0.0567979, -0.212374, 0.212296],[-0.0152267, 0.0153055, 0.056719, -0.0569344, -0.0567979, 0.0572286, 0.21208, -0.212374],[-0.0569344, 0.056719, 0.21208, -0.212374, -0.212374, 0.21208, 0.792994, -0.79219],[0.0568767, -0.0569344, -0.212374, 0.212296, 0.212296, -0.212374, -0.79219, 0.792406]]

Current kernel 
[[0.792994, -0.79219, -0.212374, 0.21208, 0.21208, -0.212374, -0.0569344, 0.056719],[-0.79219, 0.792406, 0.212296, -0.212374, -0.212374, 0.212296, 0.0568767, -0.0569344],[-0.212374, 0.212296, 0.0569133, -0.0567979, -0.0569344, 0.0568767, 0.0152478, -0.0152267],[0.21208, -0.212374, -0.0567979, 0.0572286, 0.056719, -0.0569344, -0.0152267, 0.0153055],[0.21208, -0.212374, -0.0569344, 0.056719, 0.0572286, -0.0567979, -0.0152267, 0.0153055],[-0.212374, 0.212296, 0.0568767, -0.0569344, -0.0567979, 0.0569133, 0.0152478, -0.0152267],[-0.0569344, 0.0568767, 0.0152478, -0.0152267, -0.0152267, 0.0152478, 0.00408771, -0.00407224],[0.056719, -0.0569344, -0.0152267, 0.0153055, 0.0153055, -0.0152267, -0.00407224, 0.00412995]]

Current kernel 
[[0.0572286, -0.0567979, -0.0152267, 0.0153055, 0.21208, -0.212374, -0.0569344, 0.056719],[-0.0567979, 0.0569133, 0.0152478, -0.0152267, -0.212374, 0.212296, 0.0568767, -0.0569344],[-0.0152267, 0.0152478, 0.00408771, -0.00407224, -0.0569344, 0.0568767, 0.0152478, -0.0152267],[0.0153055, -0.0152267, -0.00407224, 0.00412995, 0.056719, -0.0569344, -0.0152267, 0.0153055],[0.21208, -0.212374, -0.0569344, 0.056719, 0.792994, -0.79219, -0.212374, 0.21208],[-0.212374, 0.212296, 0.0568767, -0.0569344, -0.79219, 0.792406, 0.212296, -0.212374],[-0.0569344, 0.0568767, 0.0152478, -0.0152267, -0.212374, 0.212296, 0.0569133, -0.0567979],[0.056719, -0.0569344, -0.0152267, 0.0153055, 0.21208, -0.212374, -0.0567979, 0.0572286]]

Current kernel 
[[0.0572286, -0.0567979, -0.212374, 0.21208, 0.0153055, -0.0152267, -0.0569344, 0.056719],[-0.0567979, 0.0569133, 0.212296, -0.212374, -0.0152267, 0.0152478, 0.0568767, -0.0569344],[-0.212374, 0.212296, 0.792406, -0.79219, -0.0569344, 0.0568767, 0.212296, -0.212374],[0.21208, -0.212374, -0.79219, 0.792994, 0.056719, -0.0569344, -0.212374, 0.21208],[0.0153055, -0.0152267, -0.0569344, 0.056719, 0.00412995, -0.00407224, -0.0152267, 0.0153055],[-0.0152267, 0.0152478, 0.0568767, -0.0569344, -0.00407224, 0.00408771, 0.0152478, -0.0152267],[-0.0569344, 0.0568767, 0.212296, -0.212374, -0.0152267, 0.0152478, 0.0569133, -0.0567979],[0.056719, -0.0569344, -0.212374, 0.21208, 0.0153055, -0.0152267, -0.0567979, 0.0572286]]

Current kernel 
[[0.00412995, -0.00407224, -0.0152267, 0.0153055, 0.0153055, -0.0152267, -0.0569344, 0.056719],[-0.00407224, 0.00408771, 0.0152478, -0.0152267, -0.0152267, 0.0152478, 0.0568767, -0.0569344],[-0.0152267, 0.0152478, 0.0569133, -0.0567979, -0.0569344, 0.0568767, 0.212296, -0.212374],[0.0153055, -0.0152267, -0.0567979, 0.0572286, 0.056719, -0.0569344, -0.212374, 0.21208],[0.0153055, -0.0152267, -0.0569344, 0.056719, 0.0572286, -0.0567979, -0.212374, 0.21208],[-0.0152267, 0.0152478, 0.0568767, -0.0569344, -0.0567979, 0.0569133, 0.212296, -0.212374],[-0.0569344, 0.0568767, 0.212296, -0.212374, -0.212374, 0.212296, 0.792406, -0.79219],[0.056719, -0.0569344, -0.212374, 0.21208, 0.21208, -0.212374, -0.79219, 0.792994]]

Current kernel 
[[0.792406, -0.79219, -0.212374, 0.212296, 0.212296, -0.212374, -0.0569344, 0.0568767],[-0.79219, 0.792994, 0.21208, -0.212374, -0.212374, 0.21208, 0.056719, -0.0569344],[-0.212374, 0.21208, 0.0572286, -0.0567979, -0.0569344, 0.056719, 0.0153055, -0.0152267],[0.212296, -0.212374, -0.0567979, 0.0569133, 0.0568767, -0.0569344, -0.0152267, 0.0152478],[0.212296, -0.212374, -0.0569344, 0.0568767, 0.0569133, -0.0567979, -0.0152267, 0.0152478],[-0.212374, 0.21208, 0.056719, -0.0569344, -0.0567979, 0.0572286, 0.0153055, -0.0152267],[-0.0569344, 0.056719, 0.0153055, -0.0152267, -0.0152267, 0.0153055, 0.00412995, -0.00407224],[0.0568767, -0.0569344, -0.0152267, 0.0152478, 0.0152478, -0.0152267, -0.00407224, 0.00408771]]

Current kernel 
[[0.0569133, -0.0567979, -0.0152267, 0.0152478, 0.212296, -0.212374, -0.0569344, 0.0568767],[-0.0567979, 0.0572286, 0.0153055, -0.0152267, -0.212374, 0.21208, 0.056719, -0.0569344],[-0.0152267, 0.0153055, 0.00412995, -0.00407224, -0.0569344, 0.056719, 0.0153055, -0.0152267],[0.0152478, -0.0152267, -0.00407224, 0.00408771, 0.0568767, -0.0569344, -0.0152267, 0.0152478],[0.212296, -0.212374, -0.0569344, 0.0568767, 0.792406, -0.79219, -0.212374, 0.212296],[-0.212374, 0.21208, 0.056719, -0.0569344, -0.79219, 0.792994, 0.21208, -0.212374],[-0.0569344, 0.056719, 0.0153055, -0.0152267, -0.212374, 0.21208, 0.0572286, -0.0567979],[0.0568767, -0.0569344, -0.0152267, 0.0152478, 0.212296, -0.212374, -0.0567979, 0.0569133]]

Current kernel 
[[0.0569133, -0.0567979, -0.212374, 0.212296, 0.0152478, -0.0152267, -0.0569344, 0.0568767],[-0.0567979, 0.0572286, 0.21208, -0.212374, -0.0152267, 0.0153055, 0.056719, -0.0569344],[-0.212374, 0.21208, 0.792994, -0.79219, -0.0569344, 0.056719, 0.21208, -0.212374],[0.212296, -0.212374, -0.79219, 0.792406, 0.0568767, -0.0569344, -0.212374, 0.212296],[0.0152478, -0.0152267, -0.0569344, 0.0568767, 0.00408771, -0.00407224, -0.0152267, 0.0152478],[-0.0152267, 0.0153055, 0.056719, -0.0569344, -0.00407224, 0.00412995, 0.0153055, -0.0152267],[-0.0569344, 0.056719, 0.21208, -0.212374, -0.0152267, 0.0153055, 0.0572286, -0.0567979],[0.0568767, -0.0569344, -0.212374, 0.212296, 0.0152478, -0.0152267, -0.0567979, 0.0569133]]

Current kernel 
[[0.00408771, -0.00407224, -0.0152267, 0.0152478, 0.0152478, -0.0152267, -0.0569344, 0.0568767],[-0.00407224, 0.00412995, 0.0153055, -0.0152267, -0.0152267, 0.0153055, 0.056719, -0.0569344],[-0.0152267, 0.0153055, 0.0572286, -0.0567979, -0.0569344, 0.056719, 0.21208, -0.212374],[0.0152478, -0.0152267, -0.0567979, 0.0569133, 0.0568767, -0.0569344, -0.212374, 0.212296],[0.0152478, -0.0152267, -0.0569344, 0.0568767, 0.0569133, -0.0567979, -0.212374, 0.212296],[-0.0152267, 0.0153055, 0.056719, -0.0569344, -0.0567979, 0.0572286, 0.21208, -0.212374],[-0.0569344, 0.056719, 0.21208, -0.212374, -0.212374, 0.21208, 0.792994, -0.79219],[0.0568767, -0.0569344, -0.212374, 0.212296, 0.212296, -0.212374, -0.79219, 0.792406]]

elemSol for vChannel
[13.9776, 3.81682e-16, 3.81682e-16, 13.9776, 13.9776, 3.81682e-16, 3.81682e-16, 13.9776]

elemMatR for vChannel
[[4.55475e-12, -4.54929e-12, -2.27601e-12, 2.27465e-12, 2.27465e-12, -2.27601e-12, -1.13869e-12, 1.13596e-12],[-4.54929e-12, 4.55475e-12, 2.27465e-12, -2.27601e-12, -2.27601e-12, 2.27465e-12, 1.13596e-12, -1.13869e-12],[-2.27601e-12, 2.27465e-12, 4.55475e-12, -4.54929e-12, -1.13869e-12, 1.13596e-12, 2.27465e-12, -2.27601e-12],[2.27465e-12, -2.27601e-12, -4.54929e-12, 4.55475e-12, 1.13596e-12, -1.13869e-12, -2.27601e-12, 2.27465e-12],[2.27465e-12, -2.27601e-12, -1.13869e-12, 1.13596e-12, 4.55475e-12, -4.54929e-12, -2.27601e-12, 2.27465e-12],[-2.27601e-12, 2.27465e-12, 1.13596e-12, -1.13869e-12, -4.54929e-12, 4.55475e-12, 2.27465e-12, -2.27601e-12],[-1.13869e-12, 1.13596e-12, 2.27465e-12, -2.27601e-12, -2.27601e-12, 2.27465e-12, 4.55475e-12, -4.54929e-12],[1.13596e-12, -1.13869e-12, -2.27601e-12, 2.27465e-12, 2.27465e-12, -2.27601e-12, -4.54929e-12, 4.55475e-12]]

Current kernel 
[[4.69125e+15, 4.6875e+15, -4.6875e+15, -4.68375e+15, 4.6875e+15, 4.68375e+15, -4.69125e+15, -4.6875e+15],[4.6875e+15, 4.69125e+15, -4.68375e+15, -4.6875e+15, 4.68375e+15, 4.6875e+15, -4.6875e+15, -4.69125e+15],[-4.6875e+15, -4.68375e+15, 4.69125e+15, 4.6875e+15, -4.69125e+15, -4.6875e+15, 4.6875e+15, 4.68375e+15],[-4.68375e+15, -4.6875e+15, 4.6875e+15, 4.69125e+15, -4.6875e+15, -4.69125e+15, 4.68375e+15, 4.6875e+15],[4.6875e+15, 4.68375e+15, -4.69125e+15, -4.6875e+15, 4.69125e+15, 4.6875e+15, -4.6875e+15, -4.68375e+15],[4.68375e+15, 4.6875e+15, -4.6875e+15, -4.69125e+15, 4.6875e+15, 4.69125e+15, -4.68375e+15, -4.6875e+15],[-4.69125e+15, -4.6875e+15, 4.6875e+15, 4.68375e+15, -4.6875e+15, -4.68375e+15, 4.69125e+15, 4.6875e+15],[-4.6875e+15, -4.69125e+15, 4.68375e+15, 4.6875e+15, -4.68375e+15, -4.6875e+15, 4.6875e+15, 4.69125e+15]]

elemSol for vWire1
[3.81682e-16, 3.81682e-16, 0, 0, 3.81682e-16, 3.81682e-16, 0, 0]

elemMatR for vWire1
[[166800, 83300, -83350, -166600, 83300, 41600, -41700, -83350],[83300, 166800, -166600, -83350, 41600, 83300, -83350, -41700],[-83350, -166600, 166800, 83300, -41700, -83350, 83300, 41600],[-166600, -83350, 83300, 166800, -83350, -41700, 41600, 83300],[83300, 41600, -41700, -83350, 166800, 83300, -83350, -166600],[41600, 83300, -83350, -41700, 83300, 166800, -166600, -83350],[-41700, -83350, 83300, 41600, -83350, -166600, 166800, 83300],[-83350, -41700, 41600, 83300, -166600, -83350, 83300, 166800]]

elemSol for vWire2
[13.9776, 13.9776, 13.9776, 13.9776, 13.9776, 13.9776, 13.9776, 13.9776]

elemMatR for vWire2
[[166800, 83300, -83350, -166600, 83300, 41600, -41700, -83350],[83300, 166800, -166600, -83350, 41600, 83300, -83350, -41700],[-83350, -166600, 166800, 83300, -41700, -83350, 83300, 41600],[-166600, -83350, 83300, 166800, -83350, -41700, 41600, 83300],[83300, 41600, -41700, -83350, 166800, 83300, -83350, -166600],[41600, 83300, -83350, -41700, 83300, 166800, -166600, -83350],[-41700, -83350, 83300, 41600, -83350, -166600, 166800, 83300],[-83350, -41700, 41600, 83300, -166600, -83350, 83300, 166800]]

Current kernel 
[[0.128102, -0.127898, -0.128, 0.128, 0.128, -0.128, -0.128102, 0.127898],[-0.127898, 0.128102, 0.128, -0.128, -0.128, 0.128, 0.127898, -0.128102],[-0.128, 0.128, 0.128102, -0.127898, -0.128102, 0.127898, 0.128, -0.128],[0.128, -0.128, -0.127898, 0.128102, 0.127898, -0.128102, -0.128, 0.128],[0.128, -0.128, -0.128102, 0.127898, 0.128102, -0.127898, -0.128, 0.128],[-0.128, 0.128, 0.127898, -0.128102, -0.127898, 0.128102, 0.128, -0.128],[-0.128102, 0.127898, 0.128, -0.128, -0.128, 0.128, 0.128102, -0.127898],[0.127898, -0.128102, -0.128, 0.128, 0.128, -0.128, -0.127898, 0.128102]]

Current kernel 
[[4.69125e+15, 4.6875e+15, -4.6875e+15, -4.68375e+15, 4.6875e+15, 4.68375e+15, -4.69125e+15, -4.6875e+15],[4.6875e+15, 4.69125e+15, -4.68375e+15, -4.6875e+15, 4.68375e+15, 4.6875e+15, -4.6875e+15, -4.69125e+15],[-4.6875e+15, -4.68375e+15, 4.69125e+15, 4.6875e+15, -4.69125e+15, -4.6875e+15, 4.6875e+15, 4.68375e+15],[-4.68375e+15, -4.6875e+15, 4.6875e+15, 4.69125e+15, -4.6875e+15, -4.69125e+15, 4.68375e+15, 4.6875e+15],[4.6875e+15, 4.68375e+15, -4.69125e+15, -4.6875e+15, 4.69125e+15, 4.6875e+15, -4.6875e+15, -4.68375e+15],[4.68375e+15, 4.6875e+15, -4.6875e+15, -4.69125e+15, 4.6875e+15, 4.69125e+15, -4.68375e+15, -4.6875e+15],[-4.69125e+15, -4.6875e+15, 4.6875e+15, 4.68375e+15, -4.6875e+15, -4.68375e+15, 4.69125e+15, 4.6875e+15],[-4.6875e+15, -4.69125e+15, 4.68375e+15, 4.6875e+15, -4.68375e+15, -4.6875e+15, 4.6875e+15, 4.69125e+15]]

Current kernel 
[[4.69125e+15, 4.6875e+15, -4.6875e+15, -4.68375e+15, 4.6875e+15, 4.68375e+15, -4.69125e+15, -4.6875e+15],[4.6875e+15, 4.69125e+15, -4.68375e+15, -4.6875e+15, 4.68375e+15, 4.6875e+15, -4.6875e+15, -4.69125e+15],[-4.6875e+15, -4.68375e+15, 4.69125e+15, 4.6875e+15, -4.69125e+15, -4.6875e+15, 4.6875e+15, 4.68375e+15],[-4.68375e+15, -4.6875e+15, 4.6875e+15, 4.69125e+15, -4.6875e+15, -4.69125e+15, 4.68375e+15, 4.6875e+15],[4.6875e+15, 4.68375e+15, -4.69125e+15, -4.6875e+15, 4.69125e+15, 4.6875e+15, -4.6875e+15, -4.68375e+15],[4.68375e+15, 4.6875e+15, -4.6875e+15, -4.69125e+15, 4.6875e+15, 4.69125e+15, -4.68375e+15, -4.6875e+15],[-4.69125e+15, -4.6875e+15, 4.6875e+15, 4.68375e+15, -4.6875e+15, -4.68375e+15, 4.69125e+15, 4.6875e+15],[-4.6875e+15, -4.69125e+15, 4.68375e+15, 4.6875e+15, -4.68375e+15, -4.6875e+15, 4.6875e+15, 4.69125e+15]]


CoupledPDE: heatConduction+elecConduction: Time step 3 ======================= 
Current kernel 
[[0.855135, -0.854269, -0.229017, 0.228699, 0.228699, -0.229017, -0.061396, 0.0611637],[-0.854269, 0.854501, 0.228932, -0.229017, -0.229017, 0.228932, 0.0613337, -0.061396],[-0.229017, 0.228932, 0.0613732, -0.0612487, -0.061396, 0.0613337, 0.0164427, -0.0164199],[0.228699, -0.229017, -0.0612487, 0.0617132, 0.0611637, -0.061396, -0.0164199, 0.0165049],[0.228699, -0.229017, -0.061396, 0.0611637, 0.0617132, -0.0612487, -0.0164199, 0.0165049],[-0.229017, 0.228932, 0.0613337, -0.061396, -0.0612487, 0.0613732, 0.0164427, -0.0164199],[-0.061396, 0.0613337, 0.0164427, -0.0164199, -0.0164199, 0.0164427, 0.00440803, -0.00439136],[0.0611637, -0.061396, -0.0164199, 0.0165049, 0.0165049, -0.0164199, -0.00439136, 0.00445359]]

Current kernel 
[[0.0617132, -0.0612487, -0.0164199, 0.0165049, 0.228699, -0.229017, -0.061396, 0.0611637],[-0.0612487, 0.0613732, 0.0164427, -0.0164199, -0.229017, 0.228932, 0.0613337, -0.061396],[-0.0164199, 0.0164427, 0.00440803, -0.00439136, -0.061396, 0.0613337, 0.0164427, -0.0164199],[0.0165049, -0.0164199, -0.00439136, 0.00445359, 0.0611637, -0.061396, -0.0164199, 0.0165049],[0.228699, -0.229017, -0.061396, 0.0611637, 0.855135, -0.854269, -0.229017, 0.228699],[-0.229017, 0.228932, 0.0613337, -0.061396, -0.854269, 0.854501, 0.228932, -0.229017],[-0.061396, 0.0613337, 0.0164427, -0.0164199, -0.229017, 0.228932, 0.0613732, -0.0612487],[0.0611637, -0.061396, -0.0164199, 0.0165049, 0.228699, -0.229017, -0.0612487, 0.0617132]]

Current kernel 
[[0.0617132, -0.0612487, -0.229017, 0.228699, 0.0165049, -0.0164199, -0.061396, 0.0611637],[-0.0612487, 0.0613732, 0.228932, -0.229017, -0.0164199, 0.0164427, 0.0613337, -0.061396],[-0.229017, 0.228932, 0.854501, -0.854269, -0.061396, 0.0613337, 0.228932, -0.229017],[0.228699, -0.229017, -0.854269, 0.855135, 0.0611637, -0.061396, -0.229017, 0.228699],[0.0165049, -0.0164199, -0.061396, 0.0611637, 0.00445359, -0.00439136, -0.0164199, 0.0165049],[-0.0164199, 0.0164427, 0.0613337, -0.061396, -0.00439136, 0.00440803, 0.0164427, -0.0164199],[-0.061396, 0.0613337, 0.228932, -0.229017, -0.0164199, 0.0164427, 0.0613732, -0.0612487],[0.0611637, -0.061396, -0.229017, 0.228699, 0.0165049, -0.0164199, -0.0612487, 0.0617132]]

Current kernel 
[[0.00445359, -0.00439136, -0.0164199, 0.0165049, 0.0165049, -0.0164199, -0.061396, 0.0611637],[-0.00439136, 0.00440803, 0.0164427, -0.0164199, -0.0164199, 0.0164427, 0.0613337, -0.061396],[-0.0164199, 0.0164427, 0.0613732, -0.0612487, -0.061396, 0.0613337, 0.228932, -0.229017],[0.0165049, -0.0164199, -0.0612487, 0.0617132, 0.0611637, -0.061396, -0.229017, 0.228699],[0.0165049, -0.0164199, -0.061396, 0.0611637, 0.0617132, -0.0612487, -0.229017, 0.228699],[-0.0164199, 0.0164427, 0.0613337, -0.061396, -0.0612487, 0.0613732, 0.228932, -0.229017],[-0.061396, 0.0613337, 0.228932, -0.229017, -0.229017, 0.228932, 0.854501, -0.854269],[0.0611637, -0.061396, -0.229017, 0.228699, 0.228699, -0.229017, -0.854269, 0.855135]]

Current kernel 
